D_x_1 = -2*x_1 + 6
D_x_2 = -10*x_2 + 20

Iteración 1

Nabla(p_0) = [0, 20]

MAX h(lamb)=-5*(20*r - 2)^2 - 9
lamb = 0.0999999849569477

p_1 = [0, 1.99999969913895]

Iteración 2

Nabla(p_1) = [6.00000000000000, 0]

MAX h(lamb)=-(6.0*r - 3)^2 - 4.52586844562901e-13
lamb = 0.499999958648252

p_2 = [2.99999975188951, 1.99999969913895]
