D_x1 = -2*x1 + 6
D_x2 = -2*x2 + 4

Iteración 1

Nabla(p_0) = [6, 0]

MAX h(lamb)=-(6*lamb - 3)^2 - 4
lamb = 0.499999932789202

p_1 = [2.99999959673521, 0]

Iteración 2

Nabla(p_1) = [0, 4.00000000000000]

MAX h(lamb)=-(4.0*lamb - 2)^2 - 1.62622487992738e-13
lamb = 0.499999803877988

p_2 = [2.99999959673521, 1.99999921551195]
