D_x1 = -2*x1 + 6
D_x2 = -2*x2 + 4

Iteración 1

Nabla(p_0) = [6, 0]

MAX h(lamb)=-(6*lamb - 3)^2 - 4
lamb = 0.499999972186866

p_1 = [2.99999983312119, 0]

Iteración 2

Nabla(p_1) = [0, 4.00000000000000]

MAX h(lamb)=-(4.0*lamb - 2)^2 - 2.78485361500606e-14
lamb = 0.499999954344884

p_2 = [2.99999983312119, 1.99999981737954]
