D_x1 = -2*x1 + 6
D_x2 = -2*x2 + 4

Iteración 1

Nabla(p_0) = [6, 0]

MAX h(lamb)=-(6*r - 3)^2 - 4
lamb = 0.499999981714048

p_1 = [2.99999989028429, 0]

Iteración 2

Nabla(p_1) = [0, 4.00000000000000]

MAX h(lamb)=-(4.0*r - 2)^2 - 1.20375368905811e-14
lamb = 0.499999980886791

p_2 = [2.99999989028429, 1.99999992354717]
