D_x1 = -2*x1 + 6
D_x2 = -2*x2 + 4
p_1 = [2.99999992756830, 1.99999995171220]